2824 2823
2823 2822
2822 2821
2821 2820
2820 3622
3622 3621
3620 3662
3662 3661
3661 3660
3662 3000
3662 4282
4282 4262
4262 4289
4289 4263
4263 4279
4263 2842
4279 4268
2842 4268
4263 3002
3002 3663
3663 3662
4268 4269
4269 4270
4270 4275
4270 4274
4270 4278
4274 4263
2823 2824
2822 2823
2821 2822
2820 2821
3622 2820
3621 3622
3662 3620
3661 3662
3660 3661
3000 3662
4282 3662
4262 4282
4289 4262
4263 4289
4279 4263
2842 4263
4268 4279
4268 2842
3002 4263
3663 3002
3662 3663
4269 4268
4270 4269
4275 4270
4274 4270
4278 4270
4263 4274
