970 2000
2000 970
970 3682
3682 970
970 3685
3685 970
2000 3126
3126 2000
2000 3682
3682 2000
2000 3685
3685 2000
2000 4043
4043 2000
2820 3662
3662 2820
2825 4030
4030 2825
2825 4032
4032 2825
2825 4034
4034 2825
2825 4035
4035 2825
2827 4051
4051 2827
3001 3002
3002 3001
3001 3662
3662 3001
3001 4035
4035 3001
3001 4321
4321 3001
3001 4335
4335 3001
3002 3662
3662 3002
3002 4035
4035 3002
3002 4263
4263 3002
3120 3122
3122 3120
3120 3126
3126 3120
3120 3127
3127 3120
3120 4030
4030 3120
3120 4032
4032 3120
3120 4034
4034 3120
3120 4035
4035 3120
3120 4040
4040 3120
3120 4043
4043 3120
3122 3126
3126 3122
3122 3127
3127 3122
3126 3127
3127 3126
3126 3682
3682 3126
3126 3685
3685 3126
3127 3180
3180 3127
3127 4057
4057 3127
3127 4063
4063 3127
3180 4030
4030 3180
3180 4051
4051 3180
3180 4057
4057 3180
3180 4063
4063 3180
3662 4030
4030 3662
3662 4321
4321 3662
3662 4335
4335 3662
3682 3685
3685 3682
3682 3804
3804 3682
3682 4040
4040 3682
3804 3812
3812 3804
3804 4040
4040 3804
3804 4270
4270 3804
3804 4272
4272 3804
3812 4040
4040 3812
4030 4032
4032 4030
4030 4034
4034 4030
4030 4035
4035 4030
4030 4051
4051 4030
4030 4321
4321 4030
4030 4335
4335 4030
4032 4034
4034 4032
4032 4035
4035 4032
4032 4040
4040 4032
4032 4057
4057 4032
4032 4321
4321 4032
4034 4035
4035 4034
4034 4040
4040 4034
4034 4043
4043 4034
4034 4063
4063 4034
4034 4324
4324 4034
4035 4040
4040 4035
4035 4043
4043 4035
4040 4043
4043 4040
4040 4270
4270 4040
4040 4272
4272 4040
4043 4273
4273 4043
4057 4063
4063 4057
4262 4263
4263 4262
4262 4264
4264 4262
4262 4266
4266 4262
4263 4264
4264 4263
4263 4266
4266 4263
4264 4266
4266 4264
4264 4270
4270 4264
4264 4324
4324 4264
4270 4272
4272 4270
4270 4324
4324 4270
4272 4273
4273 4272
4321 4335
4335 4321
