970 -37.867303 145.091507
2000 -37.851923 145.094324
2200 -37.816540 145.098047
2820 -37.794785 145.030460
2825 -37.786610 145.062020
2827 -37.781739 145.077331
2846 -37.861304 145.057875
3001 -37.814655 145.022137
3002 -37.815162 145.026573
3120 -37.822895 145.057288
3122 -37.823857 145.064393
3126 -37.827847 145.098577
3127 -37.825227 145.077947
3180 -37.796213 145.083507
3662 -37.808952 145.027457
3682 -37.837475 145.096868
3685 -37.854897 145.093910
3804 -37.833643 145.062392
3812 -37.837490 145.060865
4030 -37.795330 145.061607
4032 -37.802297 145.061230
4034 -37.811850 145.059405
4035 -37.818156 145.058123
4040 -37.832872 145.055423
4043 -37.847160 145.052627
4051 -37.794143 145.069333
4057 -37.804975 145.081765
4063 -37.814372 145.080005
4262 -37.821550 145.015030
4263 -37.823056 145.024958
4264 -37.824128 145.034005
4266 -37.82530 145.04345
4270 -37.830227 145.032815
4272 -37.831883 145.046393
4273 -37.846590 145.044430
4321 -37.800838 145.049119
4324 -37.809332 145.036848
4335 -37.806215 145.035250
4812 -37.828913 145.015587
4821 -37.812965 145.008470
