970 2000 1.17
2000 970 1.17
970 3685 1.18
3685 970 1.18
2000 3682 1.17
3682 2000 1.17
2000 3685 1.18
3685 2000 1.18
2200 3126 1.15
3126 2200 1.15
2200 4057 1.13
4057 2200 1.13
2200 4063 1.12
4063 2200 1.12
2820 3662 1.15
3662 2820 1.15
2820 4321 1.15
4321 2820 1.15
2820 4324 1.18
4324 2820 1.18
2820 4335 1.14
4335 2820 1.14
2825 2827 1.16
2827 2825 1.16
2825 4030 1.15
4030 2825 1.15
2825 4032 1.15
4032 2825 1.15
2825 4051 1.13
4051 2825 1.13
2825 4321 1.15
4321 2825 1.15
2827 3180 1.14
3180 2827 1.14
2827 4051 1.12
4051 2827 1.12
2846 4043 1.13
4043 2846 1.13
3001 3002 1.16
3002 3001 1.16
3001 3662 1.17
3662 3001 1.17
3001 4262 1.17
4262 3001 1.17
3001 4263 1.16
4263 3001 1.16
3001 4264 1.17
4264 3001 1.17
3001 4270 1.15
4270 3001 1.15
3001 4324 1.19
4324 3001 1.19
3001 4335 1.15
4335 3001 1.15
3001 4812 1.16
4812 3001 1.16
3001 4821 1.17
4821 3001 1.17
3002 3662 1.14
3662 3002 1.14
3002 4262 1.14
4262 3002 1.14
3002 4263 1.13
4263 3002 1.13
3002 4264 1.14
4264 3002 1.14
3002 4266 1.13
4266 3002 1.13
3002 4270 1.12
4270 3002 1.12
3002 4324 1.16
4324 3002 1.16
3002 4335 1.12
4335 3002 1.12
3002 4812 1.13
4812 3002 1.13
3002 4821 1.14
4821 3002 1.14
3120 3122 1.15
3122 3120 1.15
3120 3127 1.16
3127 3120 1.16
3120 3804 1.13
3804 3120 1.13
3120 3812 1.13
3812 3120 1.13
3120 4034 1.17
4034 3120 1.17
3120 4035 1.12
4035 3120 1.12
3120 4040 1.12
4040 3120 1.12
3120 4266 1.13
4266 3120 1.13
3120 4272 1.13
4272 3120 1.13
3122 3127 1.18
3127 3122 1.18
3122 3804 1.15
3804 3122 1.15
3122 3812 1.15
3812 3122 1.15
3122 4034 1.18
4034 3122 1.18
3122 4035 1.14
4035 3122 1.14
3122 4040 1.13
4040 3122 1.13
3122 4063 1.15
4063 3122 1.15
3122 4266 1.14
4266 3122 1.14
3122 4272 1.15
4272 3122 1.15
3126 3127 1.19
3127 3126 1.19
3126 3682 1.18
3682 3126 1.18
3127 3804 1.16
3804 3127 1.16
3127 4035 1.15
4035 3127 1.15
3127 4063 1.17
4063 3127 1.17
3180 4030 1.13
4030 3180 1.13
3180 4051 1.11
4051 3180 1.11
3180 4057 1.15
4057 3180 1.15
3662 4262 1.14
4262 3662 1.14
3662 4263 1.14
4263 3662 1.14
3662 4264 1.14
4264 3662 1.14
3662 4324 1.16
4324 3662 1.16
3662 4335 1.12
4335 3662 1.12
3662 4821 1.14
4821 3662 1.14
3682 3685 1.18
3685 3682 1.18
3804 3812 1.13
3812 3804 1.13
3804 4035 1.13
4035 3804 1.13
3804 4040 1.12
4040 3804 1.12
3804 4043 1.14
4043 3804 1.14
3804 4266 1.13
4266 3804 1.13
3804 4272 1.14
4272 3804 1.14
3812 4040 1.12
4040 3812 1.12
3812 4043 1.13
4043 3812 1.13
3812 4272 1.13
4272 3812 1.13
3812 4273 1.14
4273 3812 1.14
4030 4032 1.12
4032 4030 1.12
4030 4034 1.16
4034 4030 1.16
4030 4051 1.11
4051 4030 1.11
4030 4321 1.13
4321 4030 1.13
4032 4034 1.16
4034 4032 1.16
4032 4035 1.12
4035 4032 1.12
4032 4051 1.11
4051 4032 1.11
4032 4057 1.15
4057 4032 1.15
4032 4321 1.13
4321 4032 1.13
4034 4035 1.16
4035 4034 1.16
4034 4063 1.18
4063 4034 1.18
4034 4321 1.17
4321 4034 1.17
4035 4040 1.11
4040 4035 1.11
4035 4063 1.13
4063 4035 1.13
4035 4266 1.12
4266 4035 1.12
4035 4272 1.13
4272 4035 1.13
4040 4043 1.12
4043 4040 1.12
4040 4266 1.11
4266 4040 1.11
4040 4272 1.12
4272 4040 1.12
4040 4273 1.13
4273 4040 1.13
4043 4272 1.13
4272 4043 1.13
4043 4273 1.14
4273 4043 1.14
4051 4057 1.13
4057 4051 1.13
4051 4321 1.11
4321 4051 1.11
4057 4063 1.16
4063 4057 1.16
4262 4263 1.14
4263 4262 1.14
4262 4264 1.15
4264 4262 1.15
4262 4270 1.12
4270 4262 1.12
4262 4812 1.13
4812 4262 1.13
4262 4821 1.14
4821 4262 1.14
4263 4264 1.14
4264 4263 1.14
4263 4266 1.13
4266 4263 1.13
4263 4270 1.12
4270 4263 1.12
4263 4324 1.16
4324 4263 1.16
4263 4812 1.13
4812 4263 1.13
4263 4821 1.14
4821 4263 1.14
4264 4266 1.14
4266 4264 1.14
4264 4270 1.13
4270 4264 1.13
4264 4272 1.14
4272 4264 1.14
4264 4324 1.17
4324 4264 1.17
4264 4335 1.13
4335 4264 1.13
4264 4812 1.14
4812 4264 1.14
4266 4270 1.11
4270 4266 1.11
4266 4272 1.13
4272 4266 1.13
4266 4324 1.16
4324 4266 1.16
4270 4272 1.12
4272 4270 1.12
4270 4812 1.11
4812 4270 1.11
4272 4273 1.14
4273 4272 1.14
4321 4324 1.16
4324 4321 1.16
4321 4335 1.12
4335 4321 1.12
4324 4335 1.15
4335 4324 1.15
4812 4821 1.13
4821 4812 1.13
